a = [0.5, 0.35, 0.25, 0.18, 0.15, 0.13];